p1 = [1195, 650, 1];
p2 = [835, 1195, 1];
p3 = [435, 920, 1];
p5 = [1336, 230, 1];
p6 = [845, 875, 1];
p7 = [280, 530, 1];
p8 = [880, 51, 1];

